573 723 776 835 915 967 
490 856 953 
415 514 531 549 632 889 
413 487 508 577 666 711 712 772 884 887 953 
409 547 615 642 653 799 835 890 919 922 971 
393 439 582 658 683 687 716 723 738 908 950 982 
393 439 582 654 683 687 716 723 738 908 950 982 
393 439 582 654 658 687 716 723 738 739 908 950 982 
393 439 582 654 658 683 687 723 738 739 908 950 982 
393 439 582 654 658 683 687 716 723 738 739 908 950 982 
386 402 475 599 651 656 662 720 737 798 829 841 
382 542 603 633 778 779 866 896 
378 393 416 439 450 518 582 654 658 683 687 693 716 723 738 739 840 908 950 982 
377 439 468 506 509 582 658 715 752 820 855 914 968 982 
376 382 402 428 541 598 761 780 813 889 898 913 924 965 
376 382 402 428 541 598 761 780 813 889 898 913 924 965 
369 420 423 448 461 601 676 830 846 
365 439 478 518 700 793 947 
365 439 464 475 478 518 598 700 793 931 947 
363 388 487 511 527 635 779 790 799 826 872 
355 414 470 495 530 613 663 676 742 893 
355 414 470 495 530 613 663 676 742 893 
355 393 439 443 522 706 708 723 739 825 950 
355 382 393 439 443 522 541 706 708 723 739 780 813 825 889 898 950 
352 506 539 683 900 993 
352 401 490 511 582 732 736 858 896 964 
351 365 374 439 452 478 495 518 648 692 700 756 793 884 947 983 
327 369 370 420 423 448 461 481 545 601 676 687 733 751 799 801 804 830 846 863 
327 355 408 420 473 614 693 695 719 750 886 894 949 992 
323 416 511 566 615 652 687 896 915 927 
316 425 439 496 539 659 693 737 796 817 
309 414 579 647 693 747 802 
300 340 352 378 401 409 490 511 528 533 577 579 582 584 732 736 770 849 858 886 896 900 964 
299 308 314 369 382 391 530 693 830 939 948 
299 308 314 323 369 382 391 416 511 530 566 615 652 687 693 830 896 915 927 939 948 
298 369 598 640 698 747 793 842 
295 317 439 495 569 579 858 863 954 982 
295 317 439 495 569 579 858 863 951 954 982 
295 317 439 495 569 579 858 863 951 954 982 
281 408 416 487 510 530 573 599 719 783 915 938 
281 362 451 508 523 597 618 625 799 832 884 894 967 
281 362 395 451 508 523 597 618 625 799 830 832 884 894 
281 362 395 451 508 523 597 618 625 799 830 832 884 894 967 
280 382 461 542 554 603 606 633 662 688 713 778 779 866 896 947 990 
280 344 369 471 473 554 594 598 606 662 688 713 726 753 895 911 947 990 
280 300 340 409 533 577 579 584 770 776 849 886 900 
280 300 340 409 528 533 577 579 584 770 776 849 886 900 
280 300 340 378 528 533 577 579 770 776 849 886 900 
280 300 340 378 409 528 533 579 584 770 776 849 886 900 
280 300 340 378 409 528 533 577 579 584 770 776 849 886 900 
280 300 340 378 409 528 533 577 579 584 770 776 849 886 900 
280 300 340 378 409 528 533 577 579 584 770 776 849 886 900 
280 300 340 378 409 528 533 577 579 584 770 776 849 886 900 
280 300 340 378 409 528 533 577 579 584 770 776 849 886 900 
280 295 317 365 439 478 495 518 569 579 659 700 758 793 858 863 947 951 954 982 
280 288 295 340 530 685 772 831 886 895 
280 288 295 340 530 685 772 831 886 895 983 
277 425 509 577 654 660 708 723 754 877 
275 327 353 369 420 423 448 461 479 485 601 676 829 830 846 896 929 
273 280 297 300 320 340 378 409 514 528 533 577 579 584 615 652 683 770 776 803 849 886 900 904 
271 420 471 598 827 919 993 
271 348 382 420 468 471 542 593 598 603 615 633 683 778 779 827 866 896 909 919 993 
266 311 418 422 481 581 805 845 916 969 
266 308 323 363 524 527 772 816 896 
266 267 386 575 641 743 886 933 
264 377 439 468 506 509 582 642 658 662 715 752 801 820 830 855 914 968 982 
260 469 495 603 754 776 778 800 
260 469 495 603 754 776 778 800 
260 469 495 603 754 776 778 800 
260 469 495 603 754 776 778 800 
260 297 321 325 351 601 711 896 939 
257 321 517 764 804 861 935 
257 276 321 468 517 531 540 584 646 674 764 804 861 935 
257 276 277 321 468 517 531 540 584 646 674 764 804 861 935 
257 276 277 321 393 439 468 517 531 540 582 584 646 654 658 674 683 687 716 723 739 764 804 861 908 935 950 982 
250 363 393 461 469 541 584 659 746 778 802 830 843 863 
250 363 393 415 461 469 514 531 541 549 632 659 746 778 802 830 843 863 889 
246 430 506 524 530 767 854 911 
243 379 404 502 542 767 779 866 921 
237 355 406 516 535 632 693 711 723 859 874 
237 355 365 406 439 478 516 518 535 632 693 700 711 723 793 859 874 947 
237 329 424 483 492 517 721 723 745 890 
237 240 379 880 889 904 
237 240 347 379 679 765 880 889 904 
231 267 280 281 429 439 593 666 682 723 815 827 887 898 982 
231 240 280 281 439 593 635 682 723 815 982 
231 240 280 281 439 593 635 682 723 815 982 
231 240 280 281 429 439 593 682 723 815 982 
231 240 280 281 429 439 593 682 723 815 827 982 
231 240 280 281 429 439 593 682 723 815 827 982 
230 449 547 569 596 598 772 805 879 884 942 982 
230 320 530 539 615 618 693 702 789 937 970 
230 320 530 539 615 618 693 702 789 937 970 
230 320 365 439 478 518 530 539 615 618 693 700 702 789 793 937 947 970 
230 284 450 664 687 834 856 
230 253 284 450 664 687 834 856 957 
230 253 284 450 664 687 834 856 957 
230 253 284 450 664 687 834 856 957 
230 253 284 450 471 508 529 575 659 664 687 834 856 869 919 957 
230 253 284 369 420 423 448 450 461 601 664 676 687 830 834 846 856 957 
230 253 280 284 288 295 340 450 530 664 685 687 772 831 834 856 886 895 957 983 
230 237 253 284 355 406 450 516 535 632 664 687 693 711 723 834 856 859 874 957 
229 257 266 267 276 277 321 370 386 399 468 512 517 531 540 575 584 641 646 674 743 764 804 861 886 933 935 983 
228 376 382 402 428 454 541 598 761 780 794 813 889 898 913 924 940 954 965 
228 346 353 369 406 420 423 448 461 478 488 601 676 707 750 761 796 830 846 862 949 957 
228 346 353 365 369 406 423 439 478 488 518 700 707 750 761 793 796 862 947 949 957 
228 346 352 353 359 369 406 423 478 488 707 750 761 796 858 862 949 951 954 957 
225 266 267 386 401 575 629 641 695 743 753 801 808 886 933 934 
224 296 373 530 572 598 688 
224 250 256 296 323 339 350 373 376 378 382 402 428 530 541 598 688 693 702 707 761 766 780 813 816 844 889 891 898 913 919 924 998 
224 243 352 359 386 408 461 590 659 677 709 858 894 951 954 
221 295 369 388 430 530 568 584 635 679 713 753 861 948 968 982 
218 311 323 378 416 450 518 619 693 754 805 840 916 969 
218 224 296 322 373 572 598 688 763 801 884 
217 237 323 382 409 416 511 530 566 572 615 652 674 687 693 710 772 880 896 915 927 
216 352 412 508 767 801 821 950 
215 218 237 240 259 280 299 335 379 702 708 723 737 880 889 904 934 957 
213 352 359 798 855 858 951 954 
211 230 277 280 320 322 351 416 530 539 594 615 618 635 693 702 750 789 819 821 846 919 935 937 961 967 970 986 
208 542 635 683 863 906 914 938 954 968 
208 315 431 554 577 613 761 814 992 
208 315 431 554 577 613 761 814 992 
208 315 367 431 554 577 584 613 761 814 885 992 
208 315 323 406 416 431 511 554 566 577 615 652 687 761 814 826 896 915 927 961 
208 280 412 439 511 518 534 601 652 676 700 707 904 919 939 
206 327 369 404 420 423 439 448 451 461 510 514 539 601 676 775 830 846 
206 327 369 376 382 402 404 428 439 451 461 510 514 539 541 598 761 775 780 813 889 898 913 924 965 
206 284 340 393 481 601 676 750 783 794 834 894 896 
206 280 407 439 524 584 737 739 790 800 942 
206 260 327 369 404 439 451 461 469 495 510 514 539 603 754 775 776 778 800 
206 248 319 424 586 599 619 801 830 968 
206 218 242 266 311 355 369 414 418 422 470 481 495 581 613 663 676 725 742 776 805 845 916 
206 217 264 375 444 461 471 539 577 612 618 690 712 750 788 894 897 957 
205 327 335 344 704 767 801 896 944 
205 216 330 374 404 420 483 488 586 619 825 914 953 
205 216 330 374 404 420 483 488 586 619 825 914 953 
205 216 330 374 404 420 483 488 586 619 825 914 953 
205 208 350 391 613 711 916 
205 208 277 350 351 391 416 594 613 635 711 750 916 919 935 961 967 983 
205 208 257 281 359 391 398 551 584 613 711 807 858 904 951 954 962 981 
204 464 475 598 659 931 
204 281 362 395 451 464 475 508 523 597 598 618 625 659 799 830 832 884 894 931 967 
204 228 346 353 406 423 464 475 478 598 659 761 931 
202 260 524 531 609 779 801 860 914 973 990 
202 260 469 495 524 531 609 776 778 779 800 801 860 914 973 990 
202 260 468 492 511 524 531 609 779 801 860 914 973 990 
202 260 365 439 478 518 524 531 609 700 779 793 801 860 914 922 947 973 990 
202 257 260 277 321 517 524 531 764 779 801 804 860 861 914 935 973 990 
199 408 420 473 693 695 750 894 992 
199 350 450 459 461 505 712 945 971 
199 350 393 439 459 461 505 582 654 658 683 687 716 723 738 739 908 950 982 
199 327 339 351 414 451 528 579 595 675 711 747 786 896 931 964 
199 257 281 335 351 356 374 459 518 524 541 730 969 
199 257 281 335 351 356 374 459 518 524 541 730 969 
199 257 281 335 351 356 374 459 518 524 541 730 969 
199 257 274 374 551 607 624 664 679 830 855 880 
199 257 274 374 551 607 624 664 679 830 855 880 
199 246 430 506 524 530 767 854 911 
199 231 240 246 280 281 429 430 439 506 524 530 593 682 723 767 815 827 854 911 982 
199 229 231 240 280 281 370 399 429 430 439 512 524 530 593 682 723 767 815 827 911 982 983 
199 206 331 471 602 
199 206 266 281 331 471 521 601 602 721 723 745 770 856 938 
198 327 347 517 535 676 798 938 967 990 
198 284 347 369 514 763 804 
198 257 276 277 321 363 468 517 531 540 554 584 632 646 674 764 804 839 861 922 935 944 
198 230 297 349 360 382 457 461 471 475 495 497 542 603 633 681 759 778 779 827 866 896 915 976 
198 206 218 242 327 347 369 517 535 581 676 725 776 798 938 967 990 
198 204 230 253 317 323 362 439 450 461 472 495 578 664 687 689 727 834 856 863 872 947 954 957 998 
198 202 260 284 347 369 514 524 531 609 763 779 801 804 860 973 990 
198 199 202 284 317 347 351 369 436 468 514 528 531 563 613 763 804 832 867 885 900 
195 230 253 275 284 439 450 472 619 664 687 817 834 856 957 
194 206 280 333 407 439 524 584 618 737 739 790 800 808 844 942 999 
193 344 530 542 599 622 632 753 845 872 
191 225 401 415 514 531 549 554 629 632 695 753 801 808 889 934 
191 204 225 401 464 475 554 598 629 659 695 753 801 808 931 934 
191 195 438 530 555 615 634 690 793 829 845 973 
187 247 320 344 468 660 776 805 832 915 968 
187 247 320 344 468 660 776 805 832 915 968 
187 218 247 311 320 323 344 468 619 660 754 776 805 832 915 916 968 969 
186 224 243 322 386 398 408 461 590 659 677 679 709 841 894 957 
184 277 278 300 355 375 414 470 475 530 613 635 663 676 742 775 784 838 893 943 957 
184 237 404 433 442 497 594 842 999 
184 230 237 240 243 275 379 412 551 562 628 656 658 664 677 721 772 815 880 889 904 967 
184 228 510 562 574 658 772 796 967 
184 228 420 530 531 562 574 658 676 772 796 856 967 
184 228 412 562 574 658 721 772 796 967 
184 228 230 320 359 420 504 510 530 539 562 574 615 618 658 693 702 721 772 789 796 937 967 970 990 
184 208 278 300 315 367 407 431 475 554 577 584 613 761 775 784 814 885 992 
184 199 277 278 300 347 375 408 420 473 475 635 679 693 695 750 765 775 784 838 894 943 957 992 
184 199 218 224 309 737 779 813 915 
184 199 218 224 309 551 607 737 779 813 915 
184 199 218 224 235 267 281 459 607 666 779 887 898 
184 199 202 218 224 317 350 351 459 461 468 505 531 563 607 613 779 832 867 885 900 
184 199 202 218 224 260 309 524 531 607 609 779 801 860 914 973 990 
184 195 205 208 350 363 391 438 473 613 618 634 674 711 793 845 877 916 973 
183 311 388 420 431 439 511 599 734 737 947 993 
183 311 388 420 431 439 511 599 734 737 947 993 
183 311 388 393 420 431 439 511 582 599 654 658 683 687 716 723 734 737 738 739 908 947 950 982 993 
183 184 311 412 420 431 439 511 562 599 658 721 734 737 772 947 967 993 
181 243 346 369 420 423 448 461 530 539 564 596 601 621 676 688 721 830 834 846 920 934 945 957 961 983 